
[81, 172, 78, 172, 78, 172, 78, 172, 105, 172, 78, 172, 78, 225, 78, 172
, 78, 172, 78, 228, 78, 172, 78, 172, 78, 172, 78, 172, 78, 172, 78, 225
, 78, 172, 78, 172, 78, 172, 81, 172, 78, 172, 78, 225, 78, 172, 78, 225
, 78, 172, 78, 172, 78, 172, 77, 173, 78, 224, 78, 173, 78, 227, 78, 172



, 0, 0, 0, 0, 0, 0, 0, 0, 0, 0, 0, 0, 0, 0, 0, 0, 0, 0, 0, 0, 0, 0, 0, 0, 0, 0, 0, 0, 0]

[57, 92, 59, 59, 58, 91, 56, 58,
60, 57, 58, 58, 62, 59, 60, 59,
58, 61, 58, 93, 61, 77, 91, 60,
59, 59, 60, 58, 59, 60, 94, 59,
58, 94, 58, 93, 93, 93, 61, 61]

0100 0100 = 68
0000 0000 = 0
0001 0110 = 22
0000 0010 = 2    ---> 68+22+2=92
0101 1100 = 92





FF,86,03,88,3C,00,0B,00,A8
0x158=344 344-256=88=0x58=0101 1000 ~= 1010 0111 = 160+7+1= 147 --> 167+1 = 168
0x158 = 1 0101 1000 ~= 0 1010 0111
A8 = 168

FF,86,03,80,3C,00,0B,00,B0



